time;Lat;Lon;length;width;min_lon;max_lon;min_lat;max_lat;min_max_zeta_850_lat;min_max_zeta_850_lon;min_max_zeta_850;min_hgt_850_lat;min_hgt_850_lon;min_hgt_850;max_wind_850_lat;max_wind_850_lon;max_wind_850
2024-02-14-0900;-29.479246749765966;-40.86288578790453;5.174490456881124;5.741557904210559;-43.733664740009814;-37.99210683579925;-32.06649197820653;-26.892001521325405;-29.75;-39.5;-0.00024642636975581733;-32.0;-38.0;1490.4586181640625;-29.75;-38.0;16.058008193969727
2024-02-14-1200;-29.350827524935163;-39.12034633332624;6.162874803878697;7.2254394252370915;-42.73306604594478;-35.5076266207077;-32.43226492687451;-26.269390122995816;-29.5;-38.5;-0.00021432038842114965;-32.25;-35.75;1501.681884765625;-30.25;-37.25;15.153840065002441
2024-02-14-1500;-29.480844570330554;-37.885167673750345;6.591645785696915;6.733401609045238;-41.25186847827297;-34.51846686922772;-32.77666746317901;-26.185021677482098;-28.75;-38.5;-0.0003830975181215862;-32.75;-34.75;1502.4290771484375;-28.75;-38.0;18.147106170654297
2024-02-14-1800;-29.930381334972555;-37.528443717556144;6.691949971161016;6.915014970199714;-40.985951202656;-34.07093623245629;-33.27635632055306;-26.584406349392047;-28.75;-38.0;-0.00045330642184434174;-33.25;-34.25;1499.4368896484375;-28.25;-37.75;17.158403396606445
2024-02-14-2100;-29.822646103896112;-38.2023133116883;6.939123376623382;7.545454545454547;-41.975040584415574;-34.42958603896103;-33.292207792207805;-26.35308441558442;-28.75;-37.5;-0.0003677544510291591;-29.0;-37.75;1504.674072265625;-28.0;-38.0;15.009444236755371
2024-02-15-0000;-29.08157467532468;-37.96651785714285;5.4569805194805205;6.534902597402592;-41.23396915584414;-34.69906655844155;-31.810064935064943;-26.35308441558442;-28.75;-37.25;-0.00026292958113029435;-28.75;-37.75;1527.12060546875;-28.0;-36.75;10.790655136108398
2024-02-15-0300;-28.980646439043507;-37.62570823634028;6.794134484349577;6.0864121422298325;-40.668914307455196;-34.582502165225364;-32.377713681218296;-25.58357919686872;-28.75;-37.0;-0.00018391377040154552;-28.5;-38.25;1521.134521484375;-27.0;-35.75;11.598044395446777
2024-02-15-0600;-28.91314935064936;-38.53916396103895;6.602272727272727;6.198051948051948;-41.63818993506493;-35.440137987012974;-32.21428571428572;-25.612012987012996;-28.25;-38.75;-0.00021060711534464036;-29.0;-38.25;1515.150146484375;-26.25;-36.5;11.767660140991211
2024-02-15-0900;-28.946834415584426;-37.59598214285713;6.534902597402596;6.467532467532465;-40.829748376623364;-34.3622159090909;-32.21428571428572;-25.67938311688313;-29.25;-36.75;-0.00019293799366256883;-26.25;-40.0;1519.638427734375;-25.75;-36.75;10.292757987976074
2024-02-15-1200;-24.87094155844157;-42.54768668831167;6.602272727272727;8.421266233766225;-46.75831980519479;-38.337053571428555;-28.172077922077932;-21.569805194805205;-23.75;-44.5;-0.0002794498934036376;-25.5;-40.75;1523.3795166015625;-23.25;-38.5;12.205543518066406
2024-02-15-1500;-24.108849892718034;-42.57418560538078;9.620755231121166;9.903718620271782;-47.526044915516664;-37.62232629524489;-28.919227508278617;-19.29847227715745;-23.25;-44.25;-0.000328719224706697;-25.0;-41.0;1527.8695068359375;-23.5;-38.0;13.609212875366211
2024-02-15-1800;-24.304403587859714;-41.732906626204546;11.609029783997265;11.750603317948446;-47.60820828517877;-35.85760496723032;-30.108918479858346;-18.49988869586108;-21.75;-43.75;-0.00023089320544322125;-25.25;-40.75;1518.142333984375;-24.5;-36.5;14.45362377166748
2024-02-15-2100;-24.279136330431715;-41.815300322039974;11.053594304277276;10.911881556786547;-47.271241100433244;-36.359359543646704;-29.805933482570353;-18.752339178293077;-21.0;-43.25;-0.0002690000779224498;-25.25;-40.5;1516.646240234375;-24.25;-37.5;16.084489822387695
2024-02-16-0000;-23.009806142814128;-41.52927572245932;10.767741381344493;10.201018150747409;-46.629784797833025;-36.42876664708561;-28.393676833486374;-17.62593545214188;-20.5;-43.0;-0.000423331106766303;-25.25;-40.5;1522.6322021484375;-23.5;-38.0;15.299392700195312
2024-02-16-0300;-25.07305194805196;-40.29078733766232;7.814935064935064;8.219155844155843;-44.40036525974024;-36.181209415584405;-28.98051948051949;-21.165584415584426;-23.5;-38.25;-0.00019033301833489452;-24.75;-40.5;1517.3934326171875;-22.5;-38.25;15.761731147766113
2024-02-16-0600;-25.308847402597408;-40.72869318181817;8.825487012987015;9.364448051948052;-45.410917207792195;-36.04646915584415;-29.721590909090914;-20.896103896103902;-24.25;-38.25;-0.00022684584517522087;-24.75;-40.5;1503.92529296875;-23.5;-37.75;16.949825286865234
2024-02-16-0900;-24.870941558441565;-40.8971185064935;7.141233766233768;9.0275974025974;-45.410917207792195;-36.3833198051948;-28.44155844155845;-21.30032467532468;-24.25;-38.0;-0.0002641574814164888;-24.5;-38.5;1505.4229736328125;-23.5;-37.75;16.86762809753418
2024-02-16-1200;-24.870941558441565;-40.49289772727272;6.33279220779221;9.0275974025974;-45.006696428571416;-35.97909902597402;-28.03733766233767;-21.70454545454546;-24.5;-38.0;-0.00030260961532442815;-24.5;-38.75;1518.142333984375;-23.75;-36.5;16.940086364746094
2024-02-16-1500;-24.635146103896112;-39.38129058441557;5.7264610389610375;9.499188311688307;-44.13088474025972;-34.631696428571416;-27.49837662337663;-21.771915584415595;-25.0;-38.25;-0.00035502325079020435;-25.0;-38.5;1511.4090576171875;-24.5;-36.5;17.332874298095703
2024-02-16-1800;-24.76988636363637;-39.78551136363635;6.13068181818182;9.63392857142857;-44.60247564935064;-34.96854707792207;-27.83522727272728;-21.70454545454546;-25.25;-38.75;-0.00031046913691812545;-25.25;-38.75;1497.9407958984375;-25.0;-36.75;19.106966018676758
2024-02-16-2100;-24.769886363636374;-39.65077110389609;5.0527597402597415;7.478084415584412;-43.3898133116883;-35.91172889610388;-27.296266233766247;-22.2435064935065;-25.75;-37.75;-0.00034300399836971024;-25.0;-39.25;1490.4586181640625;-25.5;-37.0;19.437728881835938
2024-02-17-0000;-23.725649350649363;-39.14549512987011;9.16233766233766;7.814935064935064;-43.05296266233765;-35.23802759740258;-28.306818181818194;-19.14448051948053;-26.0;-38.5;-0.00027993643820451396;-24.75;-39.25;1500.9329833984375;-26.0;-37.75;18.927762985229492
2024-02-17-0300;-23.826704545454554;-38.977069805194795;9.63392857142857;8.151785714285708;-43.05296266233765;-34.90117694805194;-28.64366883116884;-19.00974025974027;-22.75;-37.25;-0.00022301155210449562;-25.0;-39.25;1488.213623046875;-24.75;-37.0;19.810150146484375
2024-02-17-0600;-23.86038961038962;-37.663352272727266;7.814935064935064;7.949675324675319;-41.63818993506493;-33.6885146103896;-27.767857142857153;-19.95292207792209;-22.75;-36.25;-0.0003091664830700029;-25.0;-39.25;1474.7454833984375;-25.5;-37.75;21.194650650024414
2024-02-17-0900;-24.264610389610397;-38.3033685064935;8.488636363636363;8.69074675324675;-42.64874188311687;-33.95799512987013;-28.508928571428577;-20.020292207792217;-23.75;-36.0;-0.00032667019123540543;-25.0;-39.5;1476.2415771484375;-23.75;-35.5;20.888442993164062
2024-02-17-1200;-24.635146103896112;-38.64021915584414;6.939123376623375;10.172889610389603;-43.726663961038945;-33.55377435064934;-28.104707792207797;-21.165584415584426;-25.0;-36.25;-0.0002806601624851285;-25.0;-39.75;1480.7314453125;-24.75;-35.5;21.889019012451172
2024-02-17-1500;-24.736201298701307;-39.21286525974025;7.814935064935064;10.24025974025973;-44.33299512987011;-34.09273538961038;-28.64366883116884;-20.828733766233775;-26.0;-36.5;-0.00030619190240518664;-25.0;-39.5;1474.7454833984375;-25.25;-35.0;19.42243766784668
2024-02-17-1800;-25.231951999239577;-38.54497656026234;7.218116845935892;10.756409417473094;-43.92318126899889;-33.166771851525795;-28.841010422207525;-21.62289357627163;-26.75;-36.25;-0.0002704620156962288;-25.25;-39.25;1464.2694091796875;-26.0;-34.75;17.01772117614746
2024-02-17-2100;-25.073051948051955;-38.80864448051947;7.949675324675326;8.758116883116884;-43.18770292207791;-34.42958603896103;-29.047889610389618;-21.098214285714292;-25.0;-39.0;-0.0002431669836076271;-25.25;-39.25;1456.7872314453125;-26.5;-39.75;16.88177490234375
2024-02-18-0000;-25.409902597402606;-39.01075487012986;7.545454545454547;8.892857142857139;-43.45718344155843;-34.56432629870129;-29.18262987012988;-21.637175324675333;-24.75;-40.0;-0.0002428441359667764;-25.25;-39.25;1460.5283203125;-27.5;-39.25;18.074058532714844
2024-02-18-0300;-26.150974025974037;-39.4486607142857;7.141233766233764;8.017045454545453;-43.45718344155843;-35.440137987012974;-29.72159090909092;-22.580357142857153;-26.0;-39.0;-0.0002362497534192461;-25.5;-39.5;1452.2989501953125;-25.25;-38.0;19.253604888916016
2024-02-18-0600;-26.252029220779228;-39.85288149350648;8.017045454545457;8.960227272727266;-44.33299512987011;-35.37276785714285;-30.260551948051955;-22.2435064935065;-25.75;-38.75;-0.0002245864829773512;-26.0;-39.75;1442.57177734375;-25.0;-38.0;18.615123748779297
2024-02-18-0900;-26.79099025974027;-40.66132305194804;7.478084415584416;7.208603896103895;-44.265624999999986;-37.05702110389609;-30.53003246753248;-23.05194805194806;-26.25;-38.75;-0.00022046771362978592;-26.25;-39.75;1446.3128662109375;-26.5;-37.5;19.156200408935547
2024-02-18-1200;-26.68993506493507;-39.98762175324674;7.275974025974026;9.768668831168824;-44.871956168831154;-35.10328733766233;-30.327922077922082;-23.05194805194806;-27.25;-39.75;-0.00023216919042461952;-27.0;-39.75;1452.2989501953125;-30.0;-38.75;20.079959869384766
2024-02-18-1500;-27.76785714285715;-40.661323051948045;8.084415584415588;8.556006493506494;-44.93932629870129;-36.3833198051948;-31.810064935064943;-23.725649350649356;-27.75;-40.5;-0.0002908177117667215;-27.5;-40.5;1447.8089599609375;-28.5;-38.5;20.575496673583984
2024-02-18-1800;-28.30681818181819;-40.930803571428555;7.814935064935064;8.151785714285715;-45.006696428571416;-36.854910714285694;-32.21428571428572;-24.39935064935066;-27.75;-41.0;-0.00027124656806933755;-28.0;-40.75;1430.5997314453125;-29.0;-38.75;21.300331115722656
2024-02-18-2100;-28.558204218734254;-41.322608211811996;7.796475138023922;8.079983324861146;-45.36259987424257;-37.28261654938142;-32.456441787746215;-24.659966649722293;-28.75;-43.25;-0.0002631846933069089;-28.25;-41.0;1423.1175537109375;-29.5;-39.0;21.449932098388672
2024-02-19-0000;-28.812094155844164;-41.772930194805184;7.343344155844161;8.892857142857139;-46.21935876623375;-37.326501623376615;-32.48376623376625;-25.140422077922082;-29.0;-42.0;-0.00031572597843607206;-28.75;-41.75;1411.894287109375;-30.25;-40.25;24.852584838867188
2024-02-19-0300;-29.081574675324685;-42.04241071428571;7.747564935064936;8.219155844155843;-46.151988636363626;-37.93283279220779;-32.95535714285715;-25.207792207792217;-28.75;-42.25;-0.00030495608293146616;-29.0;-42.0;1404.412109375;-31.0;-40.75;25.72725486755371
2024-02-19-0600;-30.239961499880067;-42.62446904174328;7.932345204349218;7.861520693596098;-46.555229388541335;-38.69370869494523;-34.206134102054676;-26.273788897705458;-29.0;-42.75;-0.00031811021771689077;-29.5;-42.5;1389.44775390625;-28.75;-40.5;23.042646408081055
2024-02-19-0900;-30.159496753246763;-42.8171672077922;7.747564935064933;9.22970779220779;-47.4320211038961;-38.20231331168831;-34.03327922077923;-26.2857142857143;-29.0;-42.25;-0.0003364364856272278;-29.75;-42.5;1391.691162109375;-30.0;-40.25;23.731250762939453
2024-02-19-1200;-30.679478354217043;-43.11035397392415;7.926367854680187;7.997138996239833;-47.10892347204407;-39.11178447580423;-34.642662281557136;-26.71629442687695;-29.25;-41.75;-0.00047131278512504277;-30.25;-42.25;1369.9935302734375;-29.5;-41.0;29.933080673217773
2024-02-19-1500;-31.3721590909091;-42.21083603896103;7.74756493506494;8.556006493506487;-46.48883928571427;-37.93283279220778;-35.24594155844157;-27.49837662337663;-31.0;-41.5;-0.0004206111026920107;-31.0;-42.0;1370.74072265625;-31.0;-40.5;29.96169662475586
2024-02-19-1800;-31.271103896103902;-42.54768668831167;7.814935064935067;8.151785714285715;-46.62357954545453;-38.47179383116881;-35.17857142857144;-27.363636363636367;-32.0;-41.5;-0.0004577997734711382;-31.5;-42.0;1364.75634765625;-31.75;-40.0;28.99031639099121
2024-02-19-2100;-31.508793050804396;-42.31187875742269;7.650820585306413;7.576540773798584;-46.10014914432198;-38.5236083705234;-35.3342033434576;-27.68338275815119;-32.75;-41.75;-0.000533921557706847;-31.75;-42.0;1358.0213623046875;-32.75;-40.0;26.39527702331543
2024-02-20-0000;-31.97849025974027;-42.412946428571416;7.478084415584419;6.534902597402592;-45.68039772727271;-39.14549512987012;-35.71753246753248;-28.23944805194806;-33.25;-42.25;-0.0004681099548244958;-31.75;-42.25;1360.266357421875;-33.25;-43.0;25.993654251098633
2024-02-20-0300;-32.75324675324676;-42.514001623376615;7.410714285714292;7.141233766233761;-46.0846185064935;-38.94338474025973;-36.45860389610391;-29.047889610389618;-31.75;-42.25;-0.0004412031857333669;-32.0;-42.25;1359.5174560546875;-32.0;-40.0;25.59030532836914
2024-02-20-0600;-32.6185064935065;-42.716112012987;7.545454545454547;7.814935064935064;-46.62357954545453;-38.80864448051946;-36.391233766233775;-28.845779220779228;-32.0;-42.0;-0.00040082525409455784;-32.25;-42.0;1352.0352783203125;-32.25;-39.75;23.13242530822754
2024-02-20-0900;-32.65219155844157;-42.44663149350648;6.939123376623378;7.680194805194802;-46.28672889610388;-38.60653409090908;-36.12175324675326;-29.182629870129883;-32.5;-42.0;-0.000375091061401355;-32.25;-42.0;1362.5113525390625;-31.0;-42.0;22.05208396911621
2024-02-20-1200;-32.24797077922079;-41.97504058441557;6.13068181818182;7.410714285714285;-45.680397727272705;-38.26968344155843;-35.3133116883117;-29.182629870129883;-32.25;-42.0;-0.00038184598496230807;-32.25;-42.0;1375.230712890625;-30.5;-41.5;20.247934341430664
2024-02-20-1500;-32.146915584415595;-42.0424107142857;6.33279220779221;8.08441558441558;-46.08461850649349;-38.00020292207791;-35.3133116883117;-28.98051948051949;-32.0;-41.75;-0.0003654336443505667;-32.25;-41.75;1383.461669921875;-33.25;-42.75;18.611499786376953
2024-02-20-1800;-32.349025974025984;-41.63818993506492;6.871753246753247;7.814935064935057;-45.54565746753245;-37.730722402597394;-35.784902597402606;-28.913149350649363;-32.0;-41.5;-0.000358644223032955;-32.0;-41.5;1382.712890625;-33.25;-42.75;19.076257705688477
2024-02-20-2100;-31.709222543816225;-41.551138954437135;7.712552196224493;7.429522757830931;-45.265900333352604;-37.83637757552167;-35.56549864192847;-27.852946445703978;-32.25;-41.25;-0.00034427505010612466;-32.0;-41.5;1390.94384765625;-33.25;-42.25;19.698665618896484
2024-02-21-0000;-31.911120129870138;-42.00872564935064;6.939123376623378;6.669642857142861;-45.34354707792207;-38.67390422077921;-35.38068181818183;-28.44155844155845;-33.0;-41.25;-0.0003587418992754528;-32.25;-41.75;1410.398193359375;-33.25;-42.25;21.909061431884766
2024-02-21-0300;-31.776379870129876;-42.31189123376622;7.478084415584412;6.467532467532465;-45.54565746753245;-39.078124999999986;-35.51542207792208;-28.03733766233767;-32.0;-41.75;-0.00029701854357239133;-32.25;-42.0;1415.6353759765625;-33.5;-42.75;20.542036056518555
2024-02-21-0600;-32.07954545454547;-42.480316558441544;7.27597402597403;6.669642857142854;-45.815137987012974;-39.14549512987011;-35.71753246753248;-28.441558441558453;-32.25;-42.0;-0.00030048095013280706;-32.25;-42.25;1415.6353759765625;-34.0;-42.5;16.96059226989746
2024-02-21-0900;-32.38271103896105;-42.58137175324674;7.478084415584419;7.410714285714285;-46.28672889610388;-38.8760146103896;-36.12175324675326;-28.64366883116884;-32.25;-42.0;-0.00027623604011916885;-32.25;-42.25;1426.1097412109375;-34.0;-42.5;15.515246391296387
2024-02-21-1200;-31.92103521916895;-43.03723788257366;8.491009747130743;7.146599870501703;-46.610537817824515;-39.46393794732281;-36.16654009273432;-27.675530345603576;-32.5;-42.25;-0.0002711317470104825;-32.5;-42.5;1441.0740966796875;-33.75;-40.75;15.43891716003418
2024-02-21-1500;-32.58482142857144;-42.98559253246752;7.208603896103895;6.8717532467532365;-46.421469155844136;-39.54971590909091;-36.189123376623385;-28.98051948051949;-32.75;-42.5;-0.00024840537311315543;-32.75;-42.75;1444.06787109375;-34.0;-41.25;15.859336853027344
2024-02-21-1800;-32.7195616883117;-43.01927759740258;6.80438311688312;7.612824675324667;-46.825689935064915;-39.21286525974024;-36.12175324675326;-29.31737012987014;-33.0;-42.5;-0.0002390215973808746;-32.75;-43.0;1439.5780029296875;-33.5;-41.5;15.228001594543457
2024-02-21-2100;-33.191152597402606;-43.62560876623375;6.804383116883116;6.669642857142861;-46.960430194805184;-40.29078733766232;-36.593344155844164;-29.788961038961048;-33.0;-43.0;-0.0002226151566713757;-33.0;-43.25;1439.5780029296875;-33.5;-41.5;14.629456520080566
2024-02-22-0000;-32.652191558441565;-44.063514610389596;7.478084415584416;6.737012987012989;-47.43202110389609;-40.6950081168831;-36.391233766233775;-28.913149350649356;-33.0;-43.25;-0.00022056402760174259;-33.0;-43.75;1450.80126953125;-33.5;-41.75;14.843624114990234
2024-02-22-0300;-32.887987012987026;-44.669845779220765;6.467532467532472;6.6022727272727195;-47.970982142857125;-41.368709415584405;-36.12175324675326;-29.65422077922079;-33.25;-43.75;-0.0001953492328741271;-33.25;-44.0;1454.5423583984375;-33.75;-42.0;14.248817443847656
2024-02-22-0600;-33.27224477234378;-44.73948563954454;5.945338745362509;6.157672271982598;-47.818321775535836;-41.660649503553245;-36.244914145025035;-30.29957539966253;-33.5;-43.75;-0.00019492204321834745;-33.5;-44.25;1446.3128662109375;-34.0;-42.25;12.898576736450195
2024-02-22-0900;-33.46063311688312;-44.93932629870129;5.5917207792207755;7.141233766233761;-48.50994318181817;-41.368709415584405;-36.25649350649351;-30.664772727272734;-33.75;-43.75;-0.00017493564381999035;-33.75;-44.25;1459.0322265625;-31.0;-41.5;12.139187812805176
2024-02-22-1200;-33.66274350649351;-45.006696428571416;4.918019480519483;5.3896103896103895;-47.701501623376615;-42.31189123376622;-36.12175324675326;-31.20373376623377;-33.5;-44.0;-0.0001559893974407992;-34.0;-44.25;1470.2554931640625;-35.0;-43.25;10.66681957244873
2024-02-22-1500;-33.83116883116884;-44.53510551948051;6.198051948051951;5.7938311688311686;-47.43202110389609;-41.63818993506493;-36.930194805194816;-30.73214285714286;-34.0;-43.75;-0.00015414412655157623;-34.25;-44.25;1473.99658203125;-35.25;-43.5;10.759594917297363
2024-02-22-1800;-34.16801948051949;-44.703530844155836;4.985389610389607;5.322240259740262;-47.36465097402596;-42.04241071428571;-36.66071428571429;-31.67532467532469;-34.25;-44.0;-0.00014946963680082776;-34.5;-44.75;1468.7593994140625;-33.0;-42.25;10.59782886505127
2024-02-22-2100;-34.10064935064936;-45.714082792207776;4.9853896103896105;5.591720779220779;-48.509943181818166;-42.91822240259739;-36.593344155844164;-31.607954545454557;-34.25;-44.0;-0.0001397413115944741;-34.5;-45.0;1465.76708984375;-32.75;-43.0;10.416082382202148
